57.035
57.071220000000004
59.05066666666667
61.0134
62.99135
65.0394
65.0402
70.0666
71.05074
71.0729
72.04589999999999
72.08239999999999
73.0676
74.06154444444444
75.0277
75.0287
77.0403
78.0141
78.01523333333333
78.9846
78.9872
79.02279999999999
79.039
79.0433
79.0456
79.0653
79.075
79.2479
79.4997
80.0603
81.01863999999999
81.0363
81.0586
81.0703
81.07159999999999
82.0294
82.0306
83.05076666666666
84.04622222222221
84.06983333333334
84.0825
84.091875
85.030225
85.0498
85.0512
85.0775625
86.0334
86.06179999999999
86.0982
86.10745
87.0248
87.0575
88.0775
88.0976
89.0613
89.07271999999999
89.08163333333333
89.0827
90.05705
90.06543333333333
90.0766
92.061
93.03763333333332
94.0538
94.0765
95.01788888888889
95.06230000000001
95.0711
95.073
95.08735
96.0013
96.0212
96.046125
96.0665
96.0703
97.0287
97.03052500000001
97.0376
97.04166000000001
97.0464
97.07799999999999
97.10327777777775
98.0297
98.06202999999998
98.0721
98.09855555555556
98.1077
98.98609999999998
99.01
99.0114
99.0219
99.04588333333334
99.11865
99.9916
100.04
100.04125
100.07759999999999
100.989975
101.02605
101.062
101.0718
101.0753
102.0376
102.0394
102.05693
102.0666
102.09335555555555
103.0313
103.0411
103.07748
103.0965
104.0413
104.0626
104.072
104.0818
105.03535000000001
105.0448
105.04718333333334
105.07209999999999
106.0771
106.0867
107.0314
107.05250000000001
107.06233
107.07375714285715
108.04641
108.09110000000001
109.0127
109.0148
109.0498
109.0517
109.0536
109.066675
109.078
110.03585000000001
110.06199999999998
110.0973
110.10145
110.1065
111.0019
111.0044
111.0661
111.09366666666666
112.04126249999999
112.05243333333334
112.0608
112.0625
112.0649
112.07770000000002
112.08899999999997
112.10145555555556
112.11420000000001
112.9276
112.993
113.06158571428571
113.07309999999998
113.095
113.1095
113.1335
113.134975
113.1537
113.1556
113.1575
113.1764
113.2149
113.6932
114.00326666666668
114.0208
114.0296
114.0418
114.05710000000002
114.07586666666667
114.0773
114.0934
114.1126
114.1288
114.1328
114.2062
115.04109999999999
115.044
115.05609999999999
115.0765
115.08880000000002
115.11445
115.1162
115.1177
115.1403
116.0582
116.062
116.07269999999997
117.05915
117.09300000000002
117.101
118.0425
118.0972
118.12480000000002
119.0625
119.08779999999999
119.1268
120.04602857142856
120.0581
120.06778571428572
120.0832
120.092
120.0948
120.6564
121.03052222222222
121.0318
121.07829999999998
122.0257
122.0273
122.06230000000002
122.1069
123.0271
123.04567499999999
123.05760000000001
123.06944999999999
123.09400000000002
123.1038
123.99069999999999
124.078
124.0919
124.0998
124.118
124.12174999999999
124.9915
125.0196
125.0233
125.0255
125.04435000000001
125.07320000000001
125.98648
126.0322
126.0474
126.05726
126.0754
126.09360999999998
126.1141
127.0371
127.07679999999999
127.08899999999997
128.0354
128.0468
128.0706
128.09580000000003
128.10940000000002
128.1276
128.1526
129.0178
129.0196
129.0212
129.0354
129.0459
129.10460000000003
129.129
129.1397
129.1451
129.9983
130.0311
130.03315
130.0359
130.0661
130.098
130.1009
130.12362857142855
130.12500000000006
130.1622
131.06279999999998
131.07455
131.0862
131.0877428571429
131.12020000000004
131.1432
131.1485
131.1579
131.16285
131.1706
131.1742
131.1896
131.1912
131.1948
131.2913
131.3171
131.432
131.5177
131.9882
132.0149
132.0188
132.0696
132.12349999999998
132.2916
133.0369
133.0383
133.06627499999996
133.07850000000002
133.0904166666667
134.0161
134.0205
134.0328
134.0624
134.07470000000004
134.0821
134.0844
134.1073
135.0122
135.015
135.0402
135.045825
135.05760000000004
135.0941
136.02389999999997
136.05292
136.06390000000002
136.07809999999998
136.08950000000002
136.1002
136.1173
136.1187
136.1227
136.1255
137.0481
137.06189999999998
137.0734
137.0887
137.0937
137.10976999999997
138.0345
138.0403
138.05659999999997
138.069
138.10490000000001
139.0401
139.0535
139.07386666666667
139.08909999999997
139.1005
139.12574444444442
139.2952
140.01850000000002
140.0208
140.07300000000004
140.08490000000003
140.0934
140.0966
140.1282
140.1303
140.146
140.7131
141.03109999999998
141.0495
141.0531
141.0698
141.0928
141.10470000000004
141.1504
141.1708
142.0515
142.0768
142.0888
142.1008
142.1023
142.12529999999998
142.1623
142.1642
143.06296
143.07313333333335
143.0844
143.0967
143.1206
143.1308
143.1446
144.04939999999996
144.0528
144.06822499999998
144.08369999999996
144.1264
144.1409333333333
144.1749
144.9456
145.0398
145.0544
145.0788
145.10210000000004
145.12380000000002
145.13609999999997
145.1711
145.1818
145.1928
145.3032
146.0318
146.07380000000003
146.08394444444443
146.1015
147.0452
147.05780000000001
147.06836666666666
147.0943
147.11639999999997
148.03805
148.0402
148.0554
148.0764
148.08940000000004
148.0988
148.1005
149.02579999999998
149.0384
149.04879999999994
149.0735
149.0963
149.09856666666667
149.11001111111113
149.13495555555554
149.8689
150.04165
150.05752999999999
150.0779
150.09400000000002
151.0394
151.0415
151.06369999999998
151.08909999999997
151.1000625
151.112
151.12578888888888
152.0278
152.0301
152.0459
152.0483
152.05
152.0618
152.08476
152.09519999999998
152.09793333333332
152.1296
152.1552
153.005
153.0137
153.0158
153.01806666666667
153.05124999999998
153.0533
153.0562
153.0583
153.0698
153.088
153.0902
153.10490000000001
153.11648750000003
153.1325
154.03355
154.03555
154.0631
154.0712
154.0889
154.1366
154.16159999999996
155.0108
155.03255000000001
155.0358
155.085
155.1206
155.15613333333332
155.1798
156.0343
156.0467
156.0575
156.081
156.08376666666666
156.0864
156.089
156.0932
156.10449999999997
156.1151
156.14108888888887
157.0467
157.0519
157.05360000000002
157.06500000000003
157.0788
157.10079999999996
157.13619999999997
158.0393
158.041
158.0469
158.0739222222222
158.08369999999996
158.09940000000003
158.12030000000001
158.1394
158.1567
158.1671
158.6967
159.0097
159.07535000000001
159.083475
159.09490000000002
159.106
159.11709999999997
159.1452
159.15810000000002
159.1611
160.047
160.05306666666664
160.05478333333332
160.057
160.07899999999998
160.1239
160.13995
160.1422
160.14466666666667
160.1586
161.0361
161.0424
161.06109999999998
161.07390000000004
161.1566
161.4722
162.02587499999998
162.04103333333333
162.0437
162.06958000000003
162.07944
162.1025
162.1181
162.1265
162.13909999999998
162.3045
163.03567142857145
163.03816666666668
163.05299999999997
163.08940000000004
163.12610999999998
163.15094444444446
164.0322
164.043
164.0459
164.07193333333333
164.07380000000026
164.08449999999996
164.09716666666668
164.11030000000002
165.05166666666668
165.0537
165.0698
165.105
165.9817
166.0104
166.05274
166.08769
166.10020000000003
166.1135
166.12550000000002
166.1411
166.1437
166.1625
167.0339
167.0364375
167.0392
167.0496
167.0525
167.0542
167.0648
167.08469999999997
167.0977
167.1021
167.10849999999996
167.12100000000004
167.15789999999998
167.1807
167.183
167.99655
168.0424
168.05553333333333
168.08130000000003
168.1052
168.115
168.1293
168.1385
168.1511
168.1546
168.1566
168.1829
169.0482
169.0542
169.0627
169.0791125
169.0894
169.1005
169.11272499999998
169.1606
169.1636
169.1803
169.1907
169.994
170.0299
170.0833
170.09930000000003
170.1204
170.1347
170.15647777777778
170.1889
170.2359
170.5605
171.076
171.09670000000003
171.1169
171.1384
171.1522
171.195
172.05942
172.0625
172.0753
172.0772
172.08845000000005
172.09850000000003
172.13630000000003
172.15529999999998
172.17259999999996
173.0285
173.0391
173.0562
173.0743
173.0856222222222
173.1322
173.15660000000003
174.07009999999997
174.0816
174.1108
174.1313
174.1605
174.1649
174.99510000000004
175.025
175.0576
175.0702
175.0748
175.09235
175.10072
175.1257
175.12779999999998
175.14830000000003
175.17
175.1853
175.2256
175.2289
175.4194
175.99859999999998
176.0311
176.03435000000002
176.0513
176.05853333333334
176.0832
176.0962
176.1113
176.3363
176.99219999999997
177.0318
177.0348
177.0403
177.06909999999996
177.1122
177.1452
177.16663333333332
178.0469
178.08845714285715
178.10030000000003
178.1117
178.1144
178.1289
178.1308
178.13496666666666
178.13676666666666
178.1398
178.1484
178.1589
179.038
179.04415
179.0465
179.0494
179.06750000000002
179.0853
179.0966
179.1061
180.0263
180.0501
180.08089999999999
180.1142
180.1265
180.1457
181.027
181.04025000000001
181.10079999999996
181.11430000000007
181.14985000000001
181.17855
181.1819
181.1989
182.0319
182.0567
182.0598
182.0684
182.0959
182.12100000000004
182.15635
182.15845
183.0559
183.0646
183.08179999999996
183.10356666666667
183.11709999999997
183.1371
183.1569
183.1646
183.1674
183.1904
184.06025
184.0742
184.07841666666664
184.0900428571429
184.0946
184.09908000000001
184.13630000000003
185.0436
185.04585
185.05
185.05949999999999
185.08015
185.0872
185.09480000000002
185.113
185.13470000000004
185.1657
185.170125
185.1766
185.1899
185.2416
185.7663
186.0599
186.07819999999998
186.09695000000005
186.11650000000003
186.1364
186.15200000000002
186.1652
186.1885
186.2239
187.0575
187.0597
187.0679
187.0722
187.07588000000004
187.07860000000002
187.0904333333333
187.1046
187.12910000000002
187.1513
187.17229999999998
188.0341
188.0377
188.04896000000002
188.0532
188.0585
188.0883
188.0903
188.09404285714285
188.1176
188.1312
188.17655
189.0249
189.0278
189.108
189.12394999999998
190.0452
190.0517
190.0537
190.078
190.09989999999996
190.11243333333334
190.1298
190.16073333333335
190.996
191.0475
191.0853
191.12161249999997
191.1247
191.1291
191.1332166666666
191.1494
191.18272857142856
191.18484999999998
192.0215
192.0483
192.0519
192.10529999999997
192.1296
192.1472
192.1526
192.1803
192.98426666666668
192.9866
193.047
193.0499
193.05246666666665
193.06706
193.1653
193.19824999999997
194.0446
194.069
194.0784
194.09580000000003
194.142
194.15696666666668
194.1715
194.19490000000002
194.1979
195.0121
195.046
195.0523
195.0618
195.06394999999998
195.0812
195.0914
195.1047
195.10755
195.12380000000002
195.1449
195.1483
195.15083333333334
195.1581
195.1633
195.16604999999998
195.1726
196.008
196.0702
196.0793
196.08839999999998
196.09077499999998
196.0942
196.1012
196.1113
196.13640000000004
196.1534
196.1694
197.0413
197.0435
197.0711
197.0829666666667
197.1164
197.1332
197.19286666666667
197.2042
198.026
198.0546
198.0628
198.0752
198.1033
198.1152
198.1255
198.1378
198.1576
198.1642
198.1678
198.1702
198.1933
198.556
199.0331
199.05292500000002
199.0559
199.0583
199.0803
199.09047
199.107
199.1573
199.1689
199.1838
199.2099
200.0427
200.045
200.049
200.0565
200.08485
200.08704999999992
200.08949999999996
200.09506000000002
200.1313
200.14565
200.1677
200.18705
200.20429999999996
200.2192
200.23775
200.2428
201.01999999999998
201.0364
201.0551
201.0581
201.0949
201.1016
201.10473333333334
201.1077
201.11165
201.11538571428568
201.1256
201.12789999999993
201.130525
201.1444
201.1517
201.1695
201.18812
201.19105000000002
201.7237
202.0787
202.13739999999999
202.1402
202.1689
202.1781
202.2206
203.0409
203.0463
203.0501
203.059
203.0616
203.0742
203.08456666666666
203.12369999999999
203.14560000000003
203.1876
204.0306
204.0623
204.0659
204.0695
204.0808
204.083475
204.0918
204.11309999999997
204.1248
204.14086666666665
204.1557
205.09086666666667
205.1467
205.149
205.16090000000003
205.17770000000002
206.0782
206.0944
206.10935
206.11861666666664
206.1211666666666
206.1258
206.1419
206.1443
206.1675
207.0317
207.0485
207.0614
207.07922222222226
207.11335
207.1157
207.12600000000003
207.141875
207.1458
207.14925
207.15205
207.1662
207.17365
207.1804
207.1856
207.18903333333333
207.24
208.0336
208.056
208.0589
208.0695
208.0795
208.0913
208.0947
208.097975
208.1008
208.11150000000004
208.1202
208.1292
208.14165
208.1799
208.2025
208.9549
209.06040000000002
209.06365
209.0667
209.0885
209.09295
209.1198
209.1219
209.1322
209.143125
209.1656
209.1727
209.1849
209.2076
210.01385
210.0164
210.06775
210.07524999999998
210.07905
210.08155
210.0864
210.1117
210.116
210.13066666666668
210.1343
210.22770000000003
210.5881
210.9506
211.0292
211.0534
211.071
211.0779
211.0869
211.0994
211.10190000000003
211.1097
211.11353333333332
211.15896000000004
211.9928
212.047
212.0589
212.0718
212.0819
212.08576000000002
212.08925
212.0953
212.1009
212.1098
212.1231
212.1436
212.1477
212.1521
212.1551
212.178
212.4372
213.056
213.1159
213.11875
213.1368
213.13959999999997
213.16469999999998
213.187
213.2015
213.20950000000002
213.2158
213.2254
214.0549
214.07385
214.08745
214.12314
214.1257333333334
214.13185
214.14719999999994
214.16430000000003
214.1671
214.22026666666665
215.02720000000002
215.0427
215.054
215.0995
215.10840000000002
215.124
215.1486
215.1648
215.20324999999997
216.0443
216.0665
216.0811
216.0836
216.08639999999997
216.0901
216.0938
216.1099
216.12579999999997
216.16385
216.1731
216.1976
217.0299
217.0571
217.0614
217.0673
217.0703
217.0797
217.0840333333333
217.0886
217.0987
217.11020000000002
217.13
217.1433
217.1507
217.1794
218.0533
218.0729
218.0833
218.1069
218.12449999999995
218.142
218.14516666666668
218.1517
218.1688
218.20100000000002
218.2036
218.217
218.2553
219.0577
219.0599
219.0755
219.0876
219.0995
219.10719999999998
219.11353333333332
219.12619999999998
219.1474
219.15605
219.17789999999997
219.21468999999996
220.0837
220.087
220.090925
220.09915
220.11459999999994
220.1612
220.1828
220.2132
221.0535
221.0638
221.0721
221.0766
221.08778
221.0954
221.0984
221.102
221.10655
221.1091
221.1123
221.13289999999998
221.139
221.1572666666667
221.1618
221.1683
221.1709
221.1754
221.17899999999997
221.1848
221.18959999999998
221.2005
221.20365
222.0682
222.0707
222.097
222.1032
222.10655
222.1198
222.146
222.1582
222.1685
222.17520000000002
222.23226666666665
223.014
223.0705
223.0767
223.0826
223.08663333333334
223.0958
223.1139
223.1175
223.1376
223.14879999999997
223.15293333333332
223.1815
223.1851
224.06435
224.067725
224.08225
224.0858
224.1268
224.1541
224.17013333333333
224.1732
224.17634000000004
224.1801
224.214
225.0862
225.0979
225.1004
225.1078
225.1244
225.1322
225.1482
225.15300000000002
225.15979999999996
225.18595
225.194
225.2036
225.2095
225.2217
225.22580000000002
226.0597
226.0641
226.0746
226.0794
226.11596666666665
226.1284
226.1328
226.14733333333334
226.25136666666666
227.02710000000002
227.0729
227.0917
227.1049
227.1077
227.1187
227.1224
227.1387
227.1644
227.1675
227.18810000000002
227.2168
227.22480000000002
227.2404
227.2567
227.26057500000002
228.0879
228.0903
228.1262
228.15476666666666
228.16744999999997
228.1721
228.1761
228.1802
228.1889
228.2359
228.267
228.2767
229.0027
229.0063
229.0586
229.0861
229.1015
229.1212
229.1525333333333
229.169575
229.17213333333333
229.19700000000006
229.2761
230.0718
230.0766
230.0817
230.0849
230.0928
230.1174
230.1203
230.12425000000002
230.128
230.14310000000006
230.15855
230.1611
230.187
230.1898
230.22367999999997
230.25023333333334
230.9845
231.06380000000001
231.0688
231.0762
231.1041
231.11235
231.1161
231.1191
231.1462
231.191
231.2282
232.09696666666665
232.1098
232.1207
232.1413
232.1837
232.1862
232.1916
232.2237
233.0634
233.08343333333335
233.1286
233.1315
233.19383
233.207
233.2263
233.234
233.9869
234.0672
234.0699
234.0737
234.0764
234.1091
234.1528
234.1869
234.19105
235.0579
235.0619
235.07657500000002
235.0802
235.0894
235.123125
235.1365
235.14
235.17310000000003
235.18705
235.1971
235.3123
236.0452
236.0866
236.1013
236.1354
236.14285
236.1528
236.1598
236.1698
236.1833
236.1921
236.2445
237.0668
237.08555
237.09
237.1269
237.175
237.2009
237.2213
237.2250285714286
238.0631
238.0737
238.0874
238.0911
238.1166
238.1337
238.1486
238.15873333333334
238.1722
238.1809
238.18355000000003
238.2236
238.2575
239.0601
239.0625
239.0673
239.1028
239.1134
239.1238
239.1524
239.1687
239.1778
239.2138
239.2239
240.0801
240.0885
240.0959
240.1248
240.27
240.4976
241.0575
241.06754999999998
241.0817
241.09675
241.11175
241.1147
241.1173
241.12335
241.1335
241.1442
241.1477
241.1657
241.1839
241.1929
241.1974
241.2006
241.2448
241.2507
241.2564
242.0641
242.0698
242.0779
242.10129999999998
242.11813333333336
242.1421
242.1472
242.1503
242.15419999999997
242.15825
242.167
242.1977
242.203
242.2847
242.2872
242.2901
243.0816
243.0858
243.1489
243.15200000000002
243.173
243.1884
243.2183
243.2452
243.2497
243.2525
243.5729
244.0552
244.0784
244.0876
244.0954
244.1155
244.1188
244.122575
244.1401
244.148
244.151
244.15829999999997
244.1791
244.1822
244.2092
244.22376
244.2291
244.23930000000001
244.26749999999998
245.08905
245.093
245.09703333333334
245.1048
245.1194
245.131875
245.1563
245.16830000000024
245.1727
245.1802
245.27080000000007
246.093
246.1374
246.15285
246.1738
246.1772
246.185
246.1979
246.23183333333336
247.0882
247.1101
247.14140000000003
247.1802
247.2196
248.1113
248.1196
248.1419
248.1705
248.1883
248.203375
248.2122
248.2166
249.075
249.0985
249.1074
249.1236
249.157
249.1672
249.19129999999993
249.2082
249.2627
250.0704
250.1085
250.22795000000002
251.00399999999996
251.07785
251.0835
251.0904
251.105
251.1077
251.1316
251.1679
251.17045
251.20945
251.24705
251.5041
251.8142
252.0075
252.0539
252.08575
252.0953
252.0984
252.10395
252.1077
252.1202
252.135
252.1385
252.14363333333336
252.147875
252.1528
252.1596
252.1855
252.1886
252.2221
252.2446
253.0012
253.0368
253.0447
253.0486
253.0581
253.0636
253.07475
253.1548
253.1595
253.1659
253.18293333333338
253.2387
253.2436
253.2756
253.2786
254.00460000000004
254.10772500000002
254.1122
254.1155
254.11899999999997
254.1324
254.1632
254.18745
254.19013333333336
254.1945
254.1994
254.2205
254.226
254.2521
254.3273
254.99830000000003
255.0775
255.0892
255.10520000000002
255.21251999999998
255.2943
256.0158
256.0734
256.0763
256.0949
256.1128
256.1170666666667
256.1316
256.1354
256.1391
256.1697
256.1743
256.1946
256.2052
256.2167
256.2314999999999
256.26769999999993
256.908
256.9967
257.0703
257.0952
257.1138
257.11795
257.1212
257.1343
257.16420000000005
257.17945
257.1833
257.2709166666667
257.2895
257.2952
257.3002
257.3075
257.3135
257.321
257.3309
257.3532
257.3697
257.6723
258.0854
258.1019
258.115
258.15125
258.1544
258.1619
258.1866
258.2038
258.2073
258.24755999999996
258.2675
259.0647
259.0816
259.095
259.1318
259.1357
259.1411
259.1463
259.1594
259.1864
259.1996
259.2161
259.2561
259.2587
259.284
259.9349
260.2055
260.2097
260.2138
260.21815000000004
261.0767
261.100125
261.16200000000003
261.1657
261.19515
261.2148
261.2352
261.26185
261.2664
262.06825000000003
262.077
262.0844
262.1841
262.188275
262.231
262.6493
263.1217666666667
263.1382
263.1501
263.15466000000004
263.1746
263.19
263.1972
263.2024
263.2139
263.2174
263.2418
263.2756
264.0807
264.08635000000004
264.0927
264.1051
264.115
264.12239999999997
264.1341
264.1432
264.1516
264.16222500000003
264.1698
264.1865
264.218
264.2389
264.27279
265.02416666666664
265.0658
265.1416
265.1604
265.16453333333334
265.16873333333336
265.17155
265.1964666666667
265.2069
265.2572799999999
266.10495000000003
266.1249
266.1323
266.1435
266.1642
266.167
266.1824
266.212
266.2595
266.2853
267.0038
267.0816
267.0971
267.0998
267.13163999999995
267.1404
267.14794
267.1518999999999
267.2095
267.2474
268.0875
268.1043
268.1232
268.14
268.1494
268.18379999999996
268.19325
268.2001
268.2089
268.2149
268.2195
268.23035000000004
268.2342
268.2687
269.00182500000005
269.0812
269.1144
269.1187
269.1663999999997
269.1719
269.1826
269.1906
269.19553333333334
269.1982666666667
269.2122
269.21543333333335
269.23439999999994
269.2481
269.2788
269.2892
269.98307500000004
270.00205
270.0975
270.1463
270.1634
270.1743499999999
270.17990000000003
270.1877
270.22
270.2296
270.23375
270.2835
270.9625
271.0783
271.0929
271.11
271.1321
271.193
271.21335
271.251
271.26768571428573
271.3417
271.7786
271.9812
272.0783
272.0912
272.0957
272.10900000000004
272.11456666666663
272.1635
272.17345
272.1885
272.1916
272.1994
272.2143
272.2178
272.2305
272.2445
272.2646
272.2992
273.0831
273.09312
273.1097
273.1209
273.1544
273.158
273.1765
273.19390000000004
273.26490000000007
274.0732
274.0923
274.09976666666665
274.1275
274.144
274.16273333333334
274.1677142857143
274.1817
274.1986999999999
274.2023
274.2194
274.2362
274.251
274.26516666666663
274.26959999999997
275.1059
275.1190666666667
275.1409
275.1491
275.1671428571429
275.1805
275.2113
275.2172
275.2632
275.2737
275.27846
276.0863
276.0911
276.0967
276.1005
276.1043
276.1179
276.1381
276.1421
276.1852
276.2302
276.23654999999997
277.1178
277.14726666666667
277.1514
277.2048
277.216375
277.22040000000004
277.229
277.2417
277.256275
278.11156666666665
278.1277
278.1436
278.1467
278.16416
278.1677
278.2306
278.25263749999993
278.9793
279.09759
279.1189
279.1357
279.1423
279.14695
279.1515
279.1797
279.196
279.1997
279.23620000000005
279.2518
279.2629
280.10145555555556
280.1399
280.17054999999993
280.201
280.2052
280.21035
280.2165
280.2313
280.2357
280.2679333333333
281.118
281.1245
281.1301
281.15430000000003
281.1583
281.1844
281.2182
281.2242
281.2892
282.05645
282.089
282.1081
282.1296
282.1456
282.1492
282.16504999999995
282.1948
282.2052
282.22604000000007
282.2469857142857
282.2835999999999
283.05287500000003
283.0716
283.0909
283.12770000000046
283.1381
283.17999
283.1949
283.2014
283.2164
283.22035
283.251
284.0332
284.03667499999995
284.0823
284.111
284.1166
284.1341
284.1654
284.1696
284.1744
284.19235000000003
284.2092
284.2124
284.22496666666666
284.2311
284.26310000000007
284.29939999999993
285.01277500000003
285.0204
285.03245
285.049775
285.0784
285.0833
285.1178
285.163
285.18345
285.20105
285.30463333333336
285.319
285.332
285.3544
285.8753
286.0108
286.015
286.0743
286.0826
286.1013
286.1079
286.1133
286.1171
286.1316
286.1579
286.1789
286.2118
286.2393
286.2493
286.2594
286.2833999999999
286.31265
286.31565
286.4758
287.0571
287.0732
287.0957
287.1094
287.1428
287.1607
287.1808
287.24359999999996
287.2795285714286
287.9942
288.044
288.0975
288.1045
288.1386
288.1689
288.1954
288.2039
288.2268
288.2389
288.2621
288.2943
288.3273
288.3429
288.3484
288.352
288.3549
288.3603
288.3632
288.3661
288.3733
288.3762
288.3952
288.3991
288.402
288.4211
288.5072
288.6007
288.886
288.9486
288.96195
288.969
288.9732
288.9924
289.1086
289.13475000000005
289.1398
289.1522
289.20053333333334
289.2061
289.2659
289.29759999999993
290.1126
290.1185
290.1495
290.1784
290.18485
290.2043
290.2225
290.2284
290.262
290.30055555555566
290.985
291.0348714285714
291.106
291.1163
291.1212
291.12655
291.145
291.14976666666666
291.15375
291.16454999999996
291.1775
291.19039999999995
291.2108
291.21479999999997
291.2191
291.2325
291.2537
291.27307142857137
291.2901
291.3051666666667
292.1378
292.1477
292.1563
292.165
292.1906
292.20346666666666
292.2066
292.2105
292.234
292.2694428571429
293.0328
293.1232
293.1359
293.1407
293.1666
293.1743
293.2051
293.25161666666673
293.2559
293.2601
293.2701
293.2885
294.103
294.1129
294.11955
294.1286
294.1339
294.14689999999996
294.1598
294.16414999999995
294.1685
294.1882666666667
294.2107666666667
294.2279
294.2317
294.2519
294.2891
295.1341
295.1969
295.20165
295.20705
295.2118
295.2166
295.2205
295.2257
295.25050000000005
295.2731
295.2828
295.3022
296.11260000000004
296.1222
296.1736
296.17764999999997
296.18285000000003
296.1900666666666
296.1987
296.2038
296.2185
296.22705
296.2309
296.3338
296.95137142857146
297.0111
297.1045
297.1226
297.1474
297.15263333333337
297.1749
297.19105
297.2092
297.22985
297.2593
297.2839333333333
297.3198
298.0866
298.1148
298.1431
298.1481
298.1739
298.1795
298.19055000000003
298.22339999999997
299.01
299.0662
299.0755
299.1
299.1257
299.14975000000004
299.15565
299.15866666666665
299.1636
299.1671
299.1855
299.2248
299.2291
299.28345
299.29906000000005
299.3126
299.3161
300.1407
300.1636
300.1734
300.1776
300.1953
300.202
300.2183
300.2317
300.2954
301.1008
301.1106
301.234
301.259725
301.265
301.2971199999999
302.1027
302.1244
302.1407
302.15765
302.16295
302.1705
302.2037
302.2083
302.2356
302.2738
303.0963
303.1
303.1574
303.1621
303.1741666666666
303.2187
303.2770625
303.30964
304.1063
304.1111
304.1295
304.16499999999996
304.1698
304.1886
304.1933
304.209
304.24011666666667
304.26919000000004
304.2846
304.28905555555554
305.1153
305.1198
305.1241
305.1316
305.139
305.18789999999996
305.19585
305.2118
305.2161
305.2212
305.26135
305.2649
305.3232
305.3366
306.0958
306.1326
306.1574
306.1751
306.1899
306.19375
306.20304999999996
306.2079
306.21320000000003
306.2191
306.2314
306.2512
307.1347
307.1803
307.1857
307.20805
307.2128
307.21659999999997
307.2216
307.22595
307.2414
307.2448
307.2927
307.30255
308.0942
308.1236
308.1274
308.15515
308.1687
308.1808
308.1854
308.1932
308.20445
308.2252333333334
308.2293
308.2378
308.2587
309.0979
309.1092
309.1125
309.14166
309.14545
309.157125
309.1611
309.1707
309.174875
309.2086
309.2232
309.22645
309.2459
309.30060000000003
309.3193
310.1558
310.17625
310.1809
310.19410000000005
310.1986
310.20405
310.2123
310.2177
310.2221
310.2553
310.2588
310.31586666666664
311.1047
311.1293
311.1343
311.15555
311.1677
311.1775
311.198
311.2091
311.2139
311.2939
311.318825
311.3359666666667
312.1341
312.1746
312.1914
312.2026
312.2173
312.2279
312.295
312.3658
313.1267
313.13985
313.1433
313.1568
313.1774
313.1828
313.1967000000001
313.217
313.2414
313.25120000000004
313.2556
314.1311
314.1551
314.159
314.1775
314.2113
314.2317
314.237
314.2402
314.2452
314.26
314.2728
314.29505
314.3116
315.1036
315.1164
315.1329
315.146
315.1639
315.1946
315.2116
315.2383
315.2579
315.313475
316.1245
316.17575
316.2078
316.26113
316.2839
316.326
316.3931
317.1322
317.15153333333336
317.1642
317.1764
317.1939
317.238
317.2545
317.265
317.32929999999993
318.1374
318.1433
318.1548
318.16044999999997
318.17589999999996
318.18449999999996
318.1922
318.21765
318.2233
318.2278
318.2406
318.2468
318.2517
318.26935000000003
318.2821
319.1304
319.1553
319.1661
319.1696
319.1895
319.1978
319.2134
319.2366
319.30432222222225
319.3471
320.166
320.17615
320.205
320.2085
320.2165
320.2327
320.2369
320.2423
320.2577
320.299
321.1142
321.1367
321.154
321.1746
321.1779
321.1879
321.19275000000005
321.198
321.2134
321.2367
321.2881
321.2977
321.32014
322.13615
322.15795
322.1757
322.1851
322.1942
322.2036
322.2099
322.2205
322.2504
322.2563
322.2863
323.117
323.1318
323.1404
323.1534
323.1582
323.1626
323.1865666666667
323.2065
323.2135
323.2173
323.2233
323.2289
323.2422
323.27735
323.3213
323.3278666666667
323.3337
323.3409
324.1066
324.1285
324.1336
324.15143333333333
324.1609
324.1662
324.1814
324.1897
324.2203666666667
324.2357
324.2548
324.26
324.2688
324.2996999999998
324.9914
325.1389
325.1445
325.1511
325.1877
325.1948
325.2004
325.2131
325.27799999999996
325.3057
325.3133666666667
325.3508
326.0954
326.111
326.1215
326.1254
326.1693
326.2116
326.2744666666666
326.3515
326.970525
327.013
327.0608
327.08330000000007
327.0988
327.1241
327.1308
327.17067499999996
327.19870000000003
327.2373428571429
327.25845
327.2643
327.2718
327.2775166666667
327.303
327.33185000000003
327.97265000000004
328.01650000000006
328.1029
328.1192
328.1245
328.13305
328.145
328.151
328.1771
328.1848
328.189
328.20848
328.2156
328.2581
328.26505
328.2695
328.3734
329.01020000000005
329.0626
329.1309
329.1585
329.2095
329.233
329.25264999999996
329.25595
329.27305
329.2802
329.3167
329.5863
329.8258
330.0137
330.0997
330.1242
330.1434
330.1603
330.16776666666664
330.1855
330.1929
330.2104
330.2191
330.22275
330.2421
330.30556
330.3247
331.0074
331.0367
331.0727
331.1016
331.1135
331.1187
331.1364
331.1483
331.1588
331.1759
331.18100000000004
331.2146
331.2278
331.23505
331.2457
331.2884
331.3414
332.0108
332.1168
332.1221
332.18775
332.199
332.22114999999997
332.22835
333.0047
333.0839
333.1193
333.1436
333.14885000000004
333.154
333.1586
333.1646
333.1711
333.2001
333.2288
333.2327
333.2449
333.2484
333.25375
333.259
333.3007
333.3044
333.3079
333.3186333333333
333.3258333333333
333.3638
334.1313
334.1725
334.1769
334.1812
334.1925
334.2181
334.2772
334.2924
334.3211
335.096
335.1882
335.1989
335.2117
335.2335
335.2596
335.2749
335.28195
335.2914
335.29900000000004
335.3187
335.3313
335.33525
336.1289
336.19735000000003
336.2168
336.2349
336.2729
336.29705
336.3317400000001
337.1377
337.1429
337.1493
337.1581
337.1664
337.1706
337.1843
337.1989
337.2093
337.2161
337.2207
337.2324
337.2431
337.2504
337.2543
337.2598
337.2906
337.3009
337.3133
337.3345428571428
338.1315
338.1386
338.181
338.1855
338.1917
338.2022
338.2098
338.2186
338.2373
338.2441
338.2575
338.2903
338.3066
338.34720000000004
338.399
338.4034
338.4334
338.439
338.4454
338.4561
338.4626
338.47985
338.4854
338.4978
338.5174
338.5331
338.604
339.04705
339.0557
339.0968
339.10725
339.135
339.1418
339.1583
339.1627
339.1791
339.1852
339.19295
339.2155
339.2225
339.2301
339.2336
339.25535
339.30853333333334
339.35059999999993
339.3733
339.4109
339.4464
339.4501
339.4716
339.5728
339.8155
340.1287
340.1333
340.1472
340.17715
340.19214999999997
340.196
340.2008
340.21745
340.2237
340.2344
340.2381
340.2843
340.3066
340.32595714285713
340.4053
340.4178
340.7573
341.1249
341.1306
341.1699
341.1744
341.1964
341.21934999999996
341.223
341.2276
341.26765
341.27372
341.2818
341.2856
341.3197
341.4307
342.1595
342.1654
342.17265
342.2001
342.2078
342.2126
342.2285
342.313025
342.3357
342.3473
342.3661
342.3714
343.1446
343.1775
343.2157
343.2204
343.2241
343.24645
343.2899
343.3003
343.30449999999996
343.313
343.31809999999996
344.1154
344.1613
344.1667
344.1748
344.2105
344.2149
344.2212
344.2413
344.3214125
345.1526
345.15805
345.1773
345.1946
345.2047
345.2091
345.214
345.2207
345.28355
345.2909
346.1512
346.1625
346.1695
346.1753
346.1835
346.1987
346.216
346.3053
346.3275
347.1301
347.1351
347.1554
347.1651
347.1693666666667
347.1743
347.1879
347.19325000000003
347.2438
347.257
347.264
347.303
347.3395
348.1841
348.1876
348.2183333333333
349.1728
349.1958
349.20619999999997
349.2129
349.22155
349.2395
349.247
349.2516
349.2566
349.2954
349.2993
349.3031
350.1872
350.1923
350.2104
350.2192
350.2357
350.31489999999985
350.3536666666667
351.1487
351.1681
351.1719
351.1765
351.1914
351.21195
351.2193
351.2249
351.2578
351.2798
351.3025666666667
351.366
351.3704
352.2043
352.216
352.2293
352.2409
352.2586
352.2703
352.2912
352.30729999999994
352.32718
353.1742
353.1809
353.1965
353.2392
353.243
353.2648
353.2962
353.3077
353.3854
353.3949
354.1521
354.18475
354.24135
354.2698
354.279
354.30494999999996
354.3237
354.37985000000003
355.0755299999999
355.1422
355.1566
355.1603
355.1869
355.1923
355.2288
355.2592
355.2697
355.2985
355.3035
355.34015
355.34389999999996
355.366
356.1535
356.1581
356.1647
356.1698
356.1897
356.2362
356.2402
357.14955
357.1751
357.18
357.1914
357.1984
357.21590000000003
357.22659999999996
357.2455
357.2558
357.28045
357.305975
357.323
357.35654999999997
357.3619
358.07582499999995
358.1201
358.1358
358.1696
358.1969
358.2339
358.2422
358.3009
358.31
358.3733
359.07124
359.1201
359.1964
359.2232333333333
359.2433
359.2988
359.3207
360.1785
360.1861
360.19295
360.2144
360.23
360.2359
360.2736
361.1432
361.1618
361.1874
361.2138
361.2625
361.2678
361.2871
361.3013
361.3063
361.3178
362.1934
362.2028
362.2886
362.313
363.2327
363.3297
363.3414
364.1687
364.2852
364.3125
365.1527
365.1636
365.1875
365.1998
365.2094
365.2271
365.24005
365.284
365.29380000000003
365.3007
365.3464
365.3553
365.36415
365.3816
366.1332
366.2046
366.2321
366.2635
366.2885
366.3137
366.3215
366.3472
367.1413
367.1885
367.1977
367.2036
367.2472
367.29120000000006
367.3072
367.3153
367.3413
367.3628
367.3781
367.3827
367.4026
368.2102
368.2905
368.3156
368.3453625
368.39499000000006
369.1098
369.1300777777778
369.1865
369.19715
369.2117
369.2216
369.2354
369.2454
369.2525
369.2677
369.2722
369.279
369.3167
369.3211
369.3573999999999
369.384
369.39
369.3974
369.41892499999994
369.4272
369.4331
369.4404333333334
369.4506
369.4595
369.4822
369.491
369.5188
369.5257
369.5521
369.6696
369.8405
369.8838
369.9865
370.12694999999997
370.13235
370.1388
370.1657
370.1893
370.1943
370.2452
370.2578
370.2749
370.3609000000001
370.407
370.4137
370.42425000000003
370.4376
370.481
370.49085
370.4959
370.7515
370.96302000000003
371.10712857142846
371.1371
371.1626
371.1748
371.1869
371.2609
371.2763
371.2806
371.3086
371.3889
371.4142
371.4209
371.7451
371.9195
372.107675
372.1674
372.1768
372.21
372.2352
372.243
372.2973
372.3175
372.3346
372.3409
372.3519
372.36822
372.96079999999995
373.19175
373.20915
373.2377
373.2793
373.2864
373.2923
373.312
373.3514
374.1078
374.1972
374.2236
374.2599
374.3125
374.95812000000006
375.119375
375.128
375.1413
375.1549
375.2169
375.239
375.3353
375.3716
376.0926
376.2026
376.2175
376.26518999999996
376.2957
376.3017
376.306
376.9547
376.961
377.1982
377.2151
377.2264
377.27015
378.1416
378.264
378.3123
378.323
378.3464
378.3522
378.3815
379.1675
379.1902
379.2328
379.2568
379.2844
379.28956
380.1426
380.2633
380.2761
380.29425
380.3023
380.3139
380.33484999999996
380.3399
380.3444
380.3499
381.2475
381.2522
381.2571
381.2766
381.332
381.3384
381.344
381.35280000000006
381.4163
382.3094
382.3162
382.3451
383.1459
383.2274
383.259
383.26509999999996
383.33649999999994
383.37042222222226
383.3743000000004
383.3959
384.15063333333336
384.2105
384.2662
384.2719
384.3193
385.1599
385.1705
385.266
385.27902000000006
385.2898
385.295
385.2998
385.30780000000004
385.3122
385.35233
385.3804
386.212
386.2513
386.2562
386.3122
386.318
386.3318
386.3362
387.1863
387.3622
387.3676
388.19045
388.1955
388.2921
388.29675
388.3102
388.3656
389.2029
389.2339
389.2652
389.2727
389.2793
389.3373
389.3485
390.2483
390.278
390.3058
390.31295
390.3431
391.2309
391.2396
391.2909333333333
391.32
392.2574
392.29321
392.3166
392.3243
392.349
392.3683
393.2895
393.299
393.3143
393.3217
393.3538999999999
393.3805
393.4114
394.2763
394.2987
394.37646666666666
395.1923
395.2493
395.27325
395.2847
395.36949000000004
396.2846
396.2892
396.3195
396.3296
396.3730800000001
396.395
396.4003
396.406
396.4204
396.4273
396.6285
397.20785
397.25015
397.2707
397.2934
397.29925000000003
397.3046833333333
397.3161333333333
397.34912999999995
397.38547
398.2324
398.2997
398.327
398.3712
399.2218
399.2268
399.3486
399.365
399.403
399.6621
400.2044
400.2332
400.2495
400.26135
400.2964
401.2749
401.308
401.3123
401.3216
401.3476
401.3847
402.1616
402.1698
402.2221
402.2288
402.3042
402.3105
403.175
403.19
404.3347
405.0294
405.1285
405.2228
405.3053
405.3113
405.3426
405.351475
406.3072
406.3405
407.02553333333327
407.043
407.2852
407.3007
407.3809
408.2802
408.324
408.3342
408.4296
409.15
409.2328
409.2670333333333
409.2761
409.2896
409.3158
409.3232
409.3281
409.38762857142854
410.2532
410.3267
410.3568
410.38655
411.27251000000007
411.314
411.4030625
412.1806
412.3327
412.3502
412.3937
412.42
413.2299
413.2728
413.2919
413.3216
413.3285
413.3357
414.2113
414.2231
414.319
414.3504
415.043625
415.21822000000003
415.3312
416.043625
416.22202
417.04123333333337
417.092125
417.2028
417.2257
417.2355
417.3105
417.35
418.21479999999997
418.34833333333336
418.3631
419.2096
419.2662
419.36983333333336
420.3497
420.3734
420.3789000000001
420.3854
421.3039
421.3131
421.3408
422.3481
422.3527
422.3629
422.38851999999997
422.4007
422.40633333333335
423.085825
423.2395
423.36490000000003
423.427
424.0841
424.1923
424.3249
424.3311
424.33770000000004
424.3606
424.4337
425.2803
425.3119
425.3243
425.3445875
425.37946666666664
425.4079
426.1985
426.3246
426.3379
426.3508
426.3999
427.3248
427.333
427.4084
428.3276
428.35425
428.36016666666666
428.3867
428.4166
429.09504999999996
429.2685
429.3151
429.3632
430.0968
430.34157500000003
430.3831
430.89487499999996
431.093975
431.2957
432.3337
432.34590000000003
432.3537
432.3952
432.89218
433.8951
434.3393
434.3481
434.3561
434.3736
434.4195
436.37030000000004
436.4228
437.315
437.3253
437.3393
437.38047142857147
438.3767
438.4072
439.2467
439.3218
439.3353
439.3408
439.3458
440.2136
440.3245
440.3496
440.35999999999996
440.39265
440.4298
441.277
441.35513750000007
441.3778
442.3462
443.1492
443.2613
443.329
443.3338
443.37008
443.39285
444.1476
444.3296
444.39114
445.1263857142857
445.3177
446.336
446.3824
446.3878
446.3949
446.40908
447.3271
447.3347
447.346
447.4126
448.3594
448.3886
448.3932
448.3989
448.4046
449.2987
449.3484
449.3559
449.3873
449.4163
450.3995
450.4060666666667
450.423
451.3729
451.40070000000003
451.4266
452.332
452.3676
452.3914
453.3079
453.323
453.4489333333333
454.4535
455.3035
455.3102
455.33615
455.3688
455.3737
455.3921
456.3563
457.3766
458.3594
459.2893
459.2959
459.381
459.3928
459.3995
460.3662
460.3883333333333
460.4035
461.3439
461.3818
462.4024166666666
462.437
463.272
463.3432
463.369
464.3971
464.42
465.354
465.359525
465.378
465.4153
466.3294
466.3413
467.3518
467.3747
467.404
467.4136
467.4219
468.3611
468.3841
468.3888
468.4471
468.4584
469.3481
469.3547
469.3645
469.3722
469.38
469.3856
469.4048
469.44395
470.3808
470.4105
471.3359
471.3656
471.438
472.4154
473.3405
473.4155
474.3419
474.3767
475.3575
475.3647
475.4444
476.3634
476.4202
476.4538
477.3654
477.4002
478.431
478.4708
479.3739
479.3964
479.403
479.4354
479.4613
479.4708
479.489525
479.5033
480.4126
480.499
481.3513
481.3683
481.3736
481.45553333333334
482.4064
482.4833
482.50250000000005
483.3321
483.361
483.3702
483.3789
483.4101
483.5093
484.3743
484.381
484.4179
484.4238
486.3543
486.4052
487.3906
488.3848
488.45225
489.0618
489.4114
489.4932
490.46955555555553
491.47409999999996
492.4482
492.48522222222226
493.3632
493.447
494.3997
494.4279
495.10955
495.27426666666673
495.36
495.411
495.4268
496.4055
496.4105
496.4221
497.2733
499.4726
500.4134
500.4366
500.4504
500.492
502.4676
502.50588
503.11555
503.3171
503.417
504.11665000000005
504.322
504.48549
504.5109
504.5183
505.1008
506.50168
507.389
507.4018
507.4699666666667
507.50604999999996
508.4414
508.5079
508.5149
508.5524
509.1206
509.4558
510.5
510.5337
511.3268
511.3972
511.4036
512.5113
513.4671
514.4742
515.4714
516.4858099999999
516.5216
517.4899555555556
518.3926
518.4662000000001
518.5015000000001
518.5302
519.1463499999999
519.3701
519.50473
520.4222
520.4403
520.482
520.5168999999999
520.5445
521.1456
521.1610000000001
521.4246
521.439
521.5206
522.52762
523.408
523.4133
523.4675
523.5239
523.5335749999999
523.5421
524.1612
524.537
524.5453
525.18805
525.1939
525.4783
525.4853
528.5292
530.3817
530.38795
530.4613
530.4667
531.4632
532.4483
533.1963
533.4908
534.45865
534.4958777777778
534.5324249999999
535.4228
535.5352833333333
536.475588888889
536.5453
537.4955
537.5396
537.5463
538.467
538.4806
539.532025
543.3907
546.5331100000001
547.5357500000001
548.4403
548.4752
548.5172
548.5486699999999
549.4897333333333
549.5124
549.55206
550.5313
552.3428
552.4812
552.5076
552.5154
552.5604
553.3167
554.5352
555.51
559.3673
561.5069
562.5374
562.5595000000001
563.5208
563.5291
564.5077
564.5215
565.5259
566.5774
568.5045
568.5755333333333
570.5593
572.5459
573.2951
573.406625
573.5386
574.4129
576.5143499999999
576.5800333333333
577.13635
578.1331250000001
578.5308555555555
579.13095
579.54152
580.5385
580.5469
581.1294
581.25192
582.133
582.255
584.5849
585.5952
586.6007
588.4738
588.58005
589.578
590.596
592.5201
593.16608
593.5216
593.6059
594.16588
595.1601
595.5395500000001
596.1699
596.1914
597.0601
598.17935
598.5622
598.5685
598.6026
599.51
599.5212
599.5933
599.6039
600.58068
601.5274000000001
601.5858285714285
602.530825
602.5494
602.59601
602.6266
602.6958
603.54354
603.5995500000001
604.6119
605.6150100000001
606.62056
607.2196
607.4010111111111
607.573575
607.62355
610.5168
610.6010555555556
611.603775
612.5635
612.61729
613.5551
613.6207999999999
614.534
614.5964700000001
614.6320199999999
615.5098
615.6003400000001
615.6361374999999
616.61139
616.6333
617.4378
617.6158
618.5276
618.592425
618.62715
619.6314800000001
620.5419
621.5604
621.6089
622.5541
622.62226
623.5151333333333
623.5727
624.6375
625.5816
626.4901
626.5963100000001
627.5444555555555
627.6002400000001
628.6124
629.61641
630.352
630.6281
630.6589
630.6667
630.744
631.5733
631.6317
631.7056
632.6042
632.6428999999999
633.6081
633.647
634.6522
635.532
636.6338
636.64395
637.3150999999999
638.3192888888887
638.559
639.4984
640.6108
641.4384
642.5288
642.555
642.6392
643.5394000000001
643.5935
644.54305
644.5524
644.6441428571428
645.6108777777778
645.6477
646.6221666666667
646.6598777777778
647.4655
647.6266444444444
647.6702
648.5972
648.6383400000001
649.5982
649.6048
650.5965
650.6041
650.65327
651.1548250000001
651.6582777777779
652.1557
652.5533
652.618
653.15165
653.6697
655.1575
656.5818999999999
656.6441299999999
657.5952
657.6026
658.6155
658.6236333333333
658.6336
658.6595500000001
659.6635625
660.5986
660.6367714285715
660.6744099999999
661.6107
661.64215
662.5765
662.6364
662.6463
662.6891
663.4641
663.6851
664.4673000000001
664.63315
665.47068
666.4766500000001
666.656
667.53925
668.18514
670.1836
670.5601999999999
671.4985
672.2005
673.5568
673.6441
674.5684
674.6184
674.65422
675.6597
675.68845
676.6692666666667
676.6764
676.68485
677.6735
678.6964
684.6665
686.4232
687.5353
699.56935
701.5864
701.5959
702.5935
708.5661
715.3293500000001
716.3336333333333
724.5715
725.1727
725.5964
726.6068
741.4792600000001
741.57
742.4825000000001
743.2063
743.2301
743.4846428571428
745.2257
746.20215
746.2162666666667
747.2007
748.574
749.5869
756.2601
757.2583
817.2282
818.2429666666667
820.2258600000001
829.27795
832.2769
869.3902
885.3812714285714
886.389
891.2551000000001
893.26
903.2963
906.2970666666666
907.2961
964.3996999999999
967.2674
967.2771
968.2689
969.2545
978.318625
980.3173999999999
981.3120333333333
982.3115
983.3166
1051.3423
1055.3359
1057.3254
1130.3504
1161.7198
