70.0666
72.04589999999999
72.08239999999999
79.02279999999999
81.01863999999999
84.0825
86.06179999999999
86.0982
88.0775
89.0613
89.07271999999999
95.06230000000001
97.07799999999999
98.06202999999998
98.98609999999998
100.07759999999999
102.05693
106.06761000000002
107.06233
108.04641
109.078
110.06199999999998
112.07770000000002
112.08899999999997
112.11420000000001
113.07309999999998
113.1095
114.05710000000002
114.0934
114.1126
115.05609999999999
115.08880000000002
116.07269999999997
117.05915
118.12480000000002
119.0625
119.08779999999999
120.0581
120.0832
121.07829999999998
122.06230000000002
123.05760000000001
123.09400000000002
124.04168
124.078
125.07320000000001
126.05726
126.09360999999998
127.08899999999997
128.09580000000003
128.10940000000002
129.05680999999998
129.10460000000003
130.0661
131.06279999999998
131.12020000000004
132.0696
132.12349999999998
133.07850000000002
134.0624
134.07470000000004
135.05760000000004
135.0941
136.02389999999997
136.05292
136.06390000000002
136.07809999999998
136.08950000000002
137.0481
137.0734
137.10976999999997
138.05659999999997
138.069
138.10490000000001
139.0535
139.08909999999997
140.07300000000004
140.08490000000003
140.146
141.0698
141.10470000000004
142.0888
142.12529999999998
143.06296
143.0844
143.1206
144.08369999999996
145.0788
145.10210000000004
145.13609999999997
146.07380000000003
147.05780000000001
147.0943
147.11639999999997
148.0554
148.08940000000004
149.02579999999998
149.0735
150.05752999999999
150.09400000000002
151.06369999999998
151.08909999999997
152.08476
153.0698
153.10490000000001
154.0889
154.16159999999996
155.085
155.1206
156.10449999999997
157.06500000000003
157.0788
157.10079999999996
157.13619999999997
158.08369999999996
158.09940000000003
158.12030000000001
158.1394
158.1567
159.09490000000002
159.11709999999997
160.07899999999998
161.07390000000004
162.06958000000003
162.1025
163.05299999999997
163.08940000000004
163.12610999999998
164.08449999999996
164.11030000000002
165.0698
165.105
166.05274
166.08769
166.10020000000003
166.12550000000002
167.08469999999997
167.12100000000004
168.08130000000003
168.1052
169.1005
170.0833
170.09930000000003
170.1204
171.09670000000003
171.1169
171.1522
172.09850000000003
172.13630000000003
172.15529999999998
172.17259999999996
173.0743
173.1322
174.07009999999997
174.1313
174.99510000000004
175.14830000000003
175.99859999999998
176.0832
176.1113
176.99219999999997
177.06909999999996
178.10030000000003
179.06750000000002
179.0853
180.08089999999999
180.1142
181.10079999999996
182.0959
182.12100000000004
183.08179999999996
183.11709999999997
184.13630000000003
185.09480000000002
185.13470000000004
186.07819999999998
186.11650000000003
186.15200000000002
186.1885
187.12910000000002
187.1513
188.1312
190.09989999999996
191.0853
192.10529999999997
194.09580000000003
195.0914
195.12380000000002
196.1113
196.13640000000004
197.1332
198.1152
199.09047
199.1838
200.1313
200.1677
200.20429999999996
201.1695
203.14560000000003
205.16090000000003
206.0944
207.12600000000003
208.11150000000004
213.16469999999998
214.14719999999994
215.1486
216.12579999999997
217.11020000000002
218.12449999999995
219.12619999999998
219.17789999999997
219.21468999999996
220.11459999999994
220.1828
227.0917
227.18810000000002
228.1262
228.2359
229.19700000000006
230.14310000000006
231.1462
232.1207
233.19383
234.1528
235.17310000000003
239.1524
241.1839
243.2183
244.26749999999998
245.27080000000007
246.1374
247.14140000000003
251.00399999999996
251.05169999999998
252.0075
253.0012
254.00460000000004
254.2521
254.99830000000003
255.21251999999998
256.2314999999999
256.26769999999993
257.16420000000005
264.27279
265.2572799999999
268.0875
268.2687
269.23439999999994
270.2835
272.2646
272.2992
273.19390000000004
273.26490000000007
273.30186
279.09759
282.22604000000007
282.2835999999999
283.17999
284.26310000000007
284.29939999999993
286.2833999999999
287.24359999999996
288.2943
289.29759999999993
300.2954
301.2971199999999
302.2738
303.30964
304.26919000000004
312.295
314.3116
315.2579
316.26113
316.326
317.32929999999993
321.32014
322.32358999999997
327.013
327.08330000000007
328.01650000000006
329.01020000000005
330.0137
330.30556
331.0074
332.0108
333.0047
336.3317400000001
338.34720000000004
339.35059999999993
352.32718
355.0755299999999
359.07124
367.3413
368.39499000000006
369.3573999999999
370.3609000000001
370.96302000000003
372.96079999999995
374.95812000000006
376.26518999999996
377.27015
383.33649999999994
385.35233
392.29321
395.36949000000004
396.3730800000001
397.34912999999995
397.38547
399.25743000000006
399.3317
401.3476
408.38926000000004
411.27251000000007
415.21822000000003
416.22202
421.38559999999995
422.38851999999997
423.40148
443.37008
444.39114
502.50588
504.48549
506.50168
516.4858099999999
518.5015000000001
519.50473
520.5168999999999
521.5206
522.52762
546.5331100000001
547.5357500000001
548.5486699999999
549.55206
577.52739
581.25192
600.58068
602.59601
603.54354
603.5995500000001
604.6119
605.6150100000001
606.62056
612.61729
613.6207999999999
614.5964700000001
614.6320199999999
616.61139
618.62715
619.6314800000001
622.62226
626.5963100000001
627.6002400000001
628.6124
629.61641
630.6281
631.6317
632.6428999999999
633.647
634.6522
637.3150999999999
645.5540299999999
648.6383400000001
649.64188
650.65327
656.6441299999999
658.6595500000001
660.6744099999999
663.4641
664.4673000000001
665.47068
715.3293500000001
741.4792600000001
742.4825000000001
